0000000000000001 1 0000000000000039 1
0000000000000001 2 000000000000004c 1
0000000000000002 2 000000000000004b 1
0000000000000002 3 0000000000000056 1
0000000000000003 1 0000000000000040 1
0000000000000003 2 0000000000000048 1
0000000000000005 1 0000000000000030 2
0000000000000005 2 0000000000000062 1
0000000000000006 1 000000000000002b 2
0000000000000006 2 0000000000000054 1
0000000000000007 1 0000000000000028 1
0000000000000007 2 000000000000004a 1
0000000000000008 1 0000000000000028 2
0000000000000008 2 000000000000004a 2
0000000000000009 1 0000000000000028 3
0000000000000009 2 000000000000004a 3
000000000000000c 1 000000000000001a 1
000000000000000c 2 000000000000004e 1
000000000000000d 1 0000000000000030 3
0000000000000010 1 0000000000000030 4
0000000000000011 1 000000000000002b 4
0000000000000012 2 0000000000000056 3
0000000000000013 1 0000000000000014 1
0000000000000013 2 0000000000000049 2
0000000000000014 2 000000000000001c 1
0000000000000014 3 0000000000000027 1
0000000000000014 6 0000000000000038 1
0000000000000014 7 000000000000003a 1
0000000000000014 8 000000000000003d 1
0000000000000014 9 0000000000000049 3
0000000000000014 11 000000000000004d 1
0000000000000014 13 0000000000000058 2
0000000000000014 14 0000000000000059 1
0000000000000014 15 000000000000005d 1
0000000000000014 19 0000000000000062 2
0000000000000014 20 0000000000000063 1
0000000000000014 21 0000000000000067 2
0000000000000015 1 0000000000000030 5
0000000000000015 2 0000000000000049 4
0000000000000016 1 0000000000000039 2
0000000000000016 2 000000000000004c 3
0000000000000019 2 0000000000000056 4
000000000000001a 3 0000000000000026 1
000000000000001a 5 000000000000002f 1
000000000000001a 6 000000000000003e 1
000000000000001a 7 0000000000000042 1
000000000000001a 9 000000000000004e 3
000000000000001c 2 0000000000000058 3
000000000000001d 1 0000000000000049 5
000000000000001d 2 0000000000000067 3
000000000000001e 1 0000000000000026 2
000000000000001e 2 0000000000000032 1
000000000000001e 3 000000000000003c 1
000000000000001e 4 000000000000004b 2
000000000000001f 1 0000000000000058 4
000000000000001f 2 0000000000000067 4
0000000000000021 2 0000000000000056 5
0000000000000023 1 000000000000002b 7
0000000000000023 2 0000000000000055 8
0000000000000026 3 000000000000004e 4
0000000000000027 2 0000000000000058 5
0000000000000028 6 0000000000000035 1
0000000000000028 7 0000000000000037 1
0000000000000028 8 000000000000003b 1
0000000000000028 11 000000000000004a 6
0000000000000028 12 000000000000005c 1
0000000000000028 13 0000000000000061 3
000000000000002a 1 000000000000002b 8
000000000000002a 2 0000000000000055 9
000000000000002b 12 000000000000004a 7
000000000000002b 15 0000000000000054 3
000000000000002b 18 0000000000000061 4
000000000000002d 2 000000000000004c 5
000000000000002e 1 0000000000000061 5
000000000000002f 2 000000000000004e 6
0000000000000030 9 0000000000000031 1
0000000000000030 10 0000000000000049 9
0000000000000030 11 0000000000000050 1
0000000000000030 12 0000000000000062 5
0000000000000030 13 000000000000006a 1
0000000000000032 2 000000000000003c 2
0000000000000032 4 0000000000000056 8
0000000000000033 1 0000000000000039 3
0000000000000034 2 0000000000000040 4
0000000000000035 2 000000000000004a 9
0000000000000036 2 0000000000000062 6
0000000000000037 2 000000000000004a 10
0000000000000038 2 0000000000000067 7
0000000000000039 5 000000000000004c 6
0000000000000039 8 0000000000000066 1
000000000000003a 2 0000000000000058 7
000000000000003b 2 0000000000000055 12
000000000000003c 3 000000000000004b 3
000000000000003d 2 0000000000000067 8
000000000000003e 2 000000000000004e 7
000000000000003f 1 0000000000000058 8
000000000000003f 2 0000000000000067 9
0000000000000040 5 0000000000000043 1
0000000000000040 6 0000000000000048 7
0000000000000040 9 0000000000000052 1
0000000000000040 11 000000000000005b 1
0000000000000040 12 0000000000000064 1
0000000000000040 13 0000000000000065 1
0000000000000040 14 0000000000000068 1
0000000000000041 1 0000000000000058 10
0000000000000041 2 0000000000000067 10
0000000000000042 2 000000000000004e 8
0000000000000043 2 0000000000000048 8
0000000000000044 2 000000000000004c 7
0000000000000046 2 0000000000000061 8
0000000000000047 1 0000000000000058 11
0000000000000047 2 0000000000000067 11
0000000000000048 9 0000000000000052 2
0000000000000048 10 000000000000005b 2
0000000000000048 11 0000000000000064 2
0000000000000048 12 0000000000000065 2
0000000000000048 13 0000000000000068 2
0000000000000049 13 0000000000000053 1
0000000000000049 15 0000000000000058 12
0000000000000049 17 0000000000000062 7
0000000000000049 18 0000000000000063 4
0000000000000049 19 0000000000000067 12
0000000000000049 20 000000000000006a 2
000000000000004a 16 0000000000000055 14
000000000000004a 19 000000000000005c 2
000000000000004a 20 0000000000000061 10
000000000000004c 10 0000000000000066 2
000000000000004d 2 0000000000000058 14
000000000000004f 2 0000000000000056 10
0000000000000050 2 0000000000000062 8
0000000000000051 1 0000000000000058 15
0000000000000051 2 0000000000000067 14
0000000000000053 2 0000000000000058 16
0000000000000054 5 0000000000000055 18
0000000000000054 6 0000000000000061 12
0000000000000055 21 0000000000000061 13
0000000000000057 1 0000000000000058 18
0000000000000057 2 0000000000000067 16
0000000000000058 19 0000000000000059 2
0000000000000058 21 0000000000000062 9
0000000000000058 22 0000000000000067 17
0000000000000058 23 0000000000000069 1
000000000000005d 2 0000000000000062 10
000000000000005f 1 0000000000000061 17
0000000000000062 12 0000000000000067 20
0000000000000067 21 0000000000000069 2
0000000000000002 1 000000000000002b 1
0000000000000004 1 0000000000000030 1
0000000000000004 2 0000000000000049 1
000000000000000a 1 0000000000000058 1
000000000000000a 2 0000000000000067 1
000000000000000b 1 0000000000000055 1
000000000000000b 2 0000000000000056 2
000000000000000d 2 0000000000000048 2
000000000000000e 1 000000000000002b 3
000000000000000e 2 0000000000000054 2
000000000000000f 1 000000000000001a 2
000000000000000f 2 000000000000004e 2
0000000000000010 2 0000000000000048 3
0000000000000011 2 000000000000004c 2
0000000000000012 1 0000000000000055 2
0000000000000014 4 0000000000000029 1
0000000000000014 5 000000000000002b 5
0000000000000014 10 000000000000004a 4
0000000000000014 12 0000000000000055 3
0000000000000014 16 000000000000005e 1
0000000000000014 17 0000000000000060 1
0000000000000014 18 0000000000000061 1
0000000000000017 1 0000000000000028 4
0000000000000017 2 0000000000000055 4
0000000000000018 1 0000000000000040 2
0000000000000018 2 0000000000000048 4
0000000000000019 1 0000000000000055 5
000000000000001a 4 000000000000002b 6
000000000000001a 8 000000000000004a 5
000000000000001a 10 0000000000000055 6
000000000000001b 1 0000000000000030 6
000000000000001b 2 0000000000000062 3
0000000000000020 1 0000000000000030 7
0000000000000020 2 0000000000000049 6
0000000000000021 1 0000000000000055 7
0000000000000022 1 0000000000000040 3
0000000000000022 2 0000000000000048 5
0000000000000024 1 0000000000000030 8
0000000000000024 2 0000000000000062 4
0000000000000025 1 0000000000000061 2
0000000000000025 2 0000000000000063 2
0000000000000028 5 0000000000000034 1
0000000000000028 9 0000000000000045 1
0000000000000028 10 0000000000000049 7
0000000000000029 2 0000000000000067 5
000000000000002b 9 000000000000002d 1
000000000000002b 10 0000000000000044 1
000000000000002b 11 0000000000000049 8
000000000000002b 13 000000000000004c 4
000000000000002b 14 000000000000004e 5
000000000000002b 16 0000000000000056 6
000000000000002b 17 0000000000000058 6
000000000000002b 19 0000000000000067 6
000000000000002c 1 0000000000000055 10
000000000000002c 2 0000000000000056 7
000000000000002e 2 0000000000000063 3
0000000000000031 2 0000000000000061 6
0000000000000032 3 0000000000000054 4
0000000000000033 2 000000000000004a 8
0000000000000036 1 0000000000000048 6
0000000000000039 4 000000000000004a 11
0000000000000039 6 0000000000000055 11
0000000000000039 7 0000000000000061 7
0000000000000040 7 0000000000000049 10
0000000000000040 8 000000000000004a 12
0000000000000040 10 0000000000000058 9
0000000000000045 2 000000000000004a 13
0000000000000046 1 0000000000000049 11
0000000000000049 12 000000000000004a 14
0000000000000049 14 0000000000000055 13
0000000000000049 16 0000000000000061 9
000000000000004a 15 000000000000004c 8
000000000000004a 17 0000000000000056 9
000000000000004a 18 0000000000000058 13
000000000000004a 21 0000000000000067 13
000000000000004c 9 0000000000000055 15
000000000000004e 9 0000000000000055 16
000000000000004e 10 0000000000000061 11
000000000000004f 1 0000000000000055 17
0000000000000055 19 0000000000000056 11
0000000000000055 20 0000000000000058 17
0000000000000055 22 0000000000000067 15
0000000000000056 12 0000000000000061 14
0000000000000058 20 0000000000000061 15
000000000000005a 1 0000000000000061 16
000000000000005a 2 0000000000000063 5
000000000000005e 2 0000000000000062 11
000000000000005f 2 0000000000000063 6
0000000000000060 2 0000000000000067 18
0000000000000061 18 0000000000000063 7
0000000000000061 19 0000000000000067 19
